(kicad_pcb (version 20171130) (host pcbnew 5.0.1+dfsg1-3)

  (general
    (thickness 1.6)
    (drawings 5)
    (tracks 1675)
    (zones 0)
    (modules 111)
    (nets 146)
  )

  (page A4)
  (layers
    (0 F.Cu signal)
    (31 B.Cu signal)
    (32 B.Adhes user)
    (33 F.Adhes user)
    (34 B.Paste user)
    (35 F.Paste user)
    (36 B.SilkS user)
    (37 F.SilkS user)
    (38 B.Mask user)
    (39 F.Mask user)
    (40 Dwgs.User user)
    (41 Cmts.User user)
    (42 Eco1.User user)
    (43 Eco2.User user)
    (44 Edge.Cuts user)
    (45 Margin user)
    (46 B.CrtYd user)
    (47 F.CrtYd user)
    (48 B.Fab user)
    (49 F.Fab user)
  )

  (setup
    (last_trace_width 0.22)
    (user_trace_width 0.18)
    (user_trace_width 0.2)
    (user_trace_width 0.25)
    (user_trace_width 0.3)
    (user_trace_width 0.35)
    (user_trace_width 0.4)
    (user_trace_width 0.5)
    (user_trace_width 0.7)
    (trace_clearance 0.16)
    (zone_clearance 0.16)
    (zone_45_only yes)
    (trace_min 0.16)
    (segment_width 0.2)
    (edge_width 0.15)
    (via_size 0.686)
    (via_drill 0.33)
    (via_min_size 0.686)
    (via_min_drill 0.33)
    (uvia_size 0.508)
    (uvia_drill 0.127)
    (uvias_allowed no)
    (uvia_min_size 0.508)
    (uvia_min_drill 0.127)
    (pcb_text_width 0.3)
    (pcb_text_size 1.5 1.5)
    (mod_edge_width 0.15)
    (mod_text_size 1 1)
    (mod_text_width 0.15)
    (pad_size 1.524 1.524)
    (pad_drill 0.762)
    (pad_to_mask_clearance 0.0508)
    (aux_axis_origin 0 0)
    (visible_elements FFFFFF7F)
    (pcbplotparams
      (layerselection 0x010fc_ffffffff)
      (usegerberextensions true)
      (usegerberattributes false)
      (usegerberadvancedattributes false)
      (creategerberjobfile false)
      (excludeedgelayer true)
      (linewidth 0.100000)
      (plotframeref false)
      (viasonmask false)
      (mode 1)
      (useauxorigin false)
      (hpglpennumber 1)
      (hpglpenspeed 20)
      (hpglpendiameter 15.000000)
      (psnegative false)
      (psa4output false)
      (plotreference true)
      (plotvalue true)
      (plotinvisibletext false)
      (padsonsilk false)
      (subtractmaskfromsilk false)
      (outputformat 1)
      (mirror false)
      (drillshape 0)
      (scaleselection 1)
      (outputdirectory "gerber/"))
  )

  (net 0 "")
  (net 1 /DVDD5)
  (net 2 GND)
  (net 3 /DVDD3v3)
  (net 4 /AVCC3v3)
  (net 5 /AVCC1v8)
  (net 6 /DVDD1v8)
  (net 7 "Net-(C13-Pad1)")
  (net 8 /B_in)
  (net 9 /SOG_in)
  (net 10 "Net-(C20-Pad2)")
  (net 11 /G_in)
  (net 12 "Net-(C22-Pad2)")
  (net 13 /R_in)
  (net 14 "Net-(C23-Pad2)")
  (net 15 "Net-(C24-Pad1)")
  (net 16 "Net-(C25-Pad1)")
  (net 17 /HS_in)
  (net 18 /HS_3v3)
  (net 19 /VS_in)
  (net 20 /VS_3v3)
  (net 21 /R[7])
  (net 22 /R[6])
  (net 23 /R[5])
  (net 24 /R[4])
  (net 25 /R[3])
  (net 26 /R[2])
  (net 27 /R[1])
  (net 28 /R[0])
  (net 29 /G[7])
  (net 30 /G[6])
  (net 31 /G[5])
  (net 32 /G[4])
  (net 33 /G[3])
  (net 34 /G[2])
  (net 35 /G[1])
  (net 36 /G[0])
  (net 37 /B[7])
  (net 38 /B[6])
  (net 39 /B[5])
  (net 40 /B[4])
  (net 41 /B[3])
  (net 42 /B[2])
  (net 43 /B[1])
  (net 44 /B[0])
  (net 45 /FID)
  (net 46 /INT_N)
  (net 47 "Net-(J1-Pad29)")
  (net 48 /HSYNC)
  (net 49 /HS)
  (net 50 /VSYNC)
  (net 51 /CLAMP)
  (net 52 /DE)
  (net 53 /COAST)
  (net 54 /SDA)
  (net 55 /SCL)
  (net 56 /PCLK)
  (net 57 /PCLK_SI)
  (net 58 "Net-(J4-Pad3)")
  (net 59 "Net-(J4-Pad8)")
  (net 60 "Net-(J4-Pad16)")
  (net 61 "Net-(J4-Pad19)")
  (net 62 "Net-(J4-Pad1)")
  (net 63 "Net-(R1-Pad2)")
  (net 64 "Net-(R2-Pad2)")
  (net 65 "Net-(R3-Pad2)")
  (net 66 "Net-(R5-Pad2)")
  (net 67 "Net-(R6-Pad2)")
  (net 68 "Net-(R7-Pad2)")
  (net 69 "Net-(R10-Pad2)")
  (net 70 "Net-(R11-Pad2)")
  (net 71 "Net-(R12-Pad2)")
  (net 72 "Net-(R15-Pad2)")
  (net 73 "Net-(R16-Pad2)")
  (net 74 "Net-(R17-Pad2)")
  (net 75 "Net-(R18-Pad2)")
  (net 76 "Net-(R19-Pad2)")
  (net 77 "Net-(R20-Pad2)")
  (net 78 "Net-(R21-Pad2)")
  (net 79 "Net-(R22-Pad2)")
  (net 80 "Net-(R23-Pad2)")
  (net 81 "Net-(R24-Pad2)")
  (net 82 "Net-(R25-Pad2)")
  (net 83 "Net-(R26-Pad2)")
  (net 84 "Net-(R27-Pad2)")
  (net 85 "Net-(R28-Pad2)")
  (net 86 "Net-(R29-Pad2)")
  (net 87 "Net-(R30-Pad2)")
  (net 88 "Net-(R31-Pad2)")
  (net 89 "Net-(R32-Pad2)")
  (net 90 "Net-(R33-Pad2)")
  (net 91 "Net-(R34-Pad2)")
  (net 92 "Net-(R35-Pad2)")
  (net 93 "Net-(R36-Pad2)")
  (net 94 "Net-(U5-Pad65)")
  (net 95 "Net-(U5-Pad38)")
  (net 96 "Net-(U5-Pad1)")
  (net 97 "Net-(U5-Pad3)")
  (net 98 "Net-(U5-Pad5)")
  (net 99 "Net-(U5-Pad7)")
  (net 100 "Net-(U5-Pad9)")
  (net 101 "Net-(U5-Pad11)")
  (net 102 "Net-(U5-Pad13)")
  (net 103 "Net-(U5-Pad15)")
  (net 104 "Net-(U5-Pad17)")
  (net 105 "Net-(U5-Pad19)")
  (net 106 "Net-(U5-Pad21)")
  (net 107 "Net-(U5-Pad23)")
  (net 108 "Net-(U5-Pad87)")
  (net 109 "Net-(U5-Pad88)")
  (net 110 "Net-(U5-Pad101)")
  (net 111 "Net-(U5-Pad102)")
  (net 112 "Net-(U5-Pad115)")
  (net 113 "Net-(U5-Pad116)")
  (net 114 "Net-(U5-Pad119)")
  (net 115 "Net-(U5-Pad127)")
  (net 116 "Net-(U6-Pad2)")
  (net 117 "Net-(U6-Pad8)")
  (net 118 "Net-(U6-Pad12)")
  (net 119 "Net-(U6-Pad15)")
  (net 120 "Net-(U6-Pad16)")
  (net 121 "Net-(U6-Pad17)")
  (net 122 "Net-(R38-Pad1)")
  (net 123 "Net-(U3-Pad4)")
  (net 124 "Net-(U2-Pad4)")
  (net 125 "Net-(U4-Pad4)")
  (net 126 "Net-(C48-Pad1)")
  (net 127 "Net-(C50-Pad1)")
  (net 128 "Net-(C49-Pad1)")
  (net 129 "Net-(C47-Pad1)")
  (net 130 "Net-(J5-Pad2)")
  (net 131 /SI_INT_N)
  (net 132 "Net-(C51-Pad1)")
  (net 133 "Net-(C51-Pad2)")
  (net 134 "Net-(C42-Pad1)")
  (net 135 /AUD_R)
  (net 136 /AUD_L)
  (net 137 /PCM_MCLK)
  (net 138 /I2S_WS)
  (net 139 /I2S_BCK)
  (net 140 /I2S_DATA)
  (net 141 "Net-(R48-Pad2)")
  (net 142 "Net-(U6-Pad13)")
  (net 143 /SPDIF)
  (net 144 "Net-(J3-Pad4)")
  (net 145 "Net-(J3-Pad5)")

  (net_class Default "This is the default net class."
    (clearance 0.16)
    (trace_width 0.22)
    (via_dia 0.686)
    (via_drill 0.33)
    (uvia_dia 0.508)
    (uvia_drill 0.127)
    (add_net /AUD_L)
    (add_net /AUD_R)
    (add_net /CLAMP)
    (add_net /COAST)
    (add_net /DE)
    (add_net /FID)
    (add_net /HS)
    (add_net /HSYNC)
    (add_net /HS_3v3)
    (add_net /HS_in)
    (add_net /I2S_BCK)
    (add_net /I2S_DATA)
    (add_net /I2S_WS)
    (add_net /INT_N)
    (add_net /PCLK)
    (add_net /PCLK_SI)
    (add_net /PCM_MCLK)
    (add_net /SCL)
    (add_net /SDA)
    (add_net /SI_INT_N)
    (add_net /SPDIF)
    (add_net /VSYNC)
    (add_net /VS_3v3)
    (add_net /VS_in)
    (add_net "Net-(C13-Pad1)")
    (add_net "Net-(C20-Pad2)")
    (add_net "Net-(C22-Pad2)")
    (add_net "Net-(C23-Pad2)")
    (add_net "Net-(C24-Pad1)")
    (add_net "Net-(C25-Pad1)")
    (add_net "Net-(C42-Pad1)")
    (add_net "Net-(C47-Pad1)")
    (add_net "Net-(C48-Pad1)")
    (add_net "Net-(C49-Pad1)")
    (add_net "Net-(C50-Pad1)")
    (add_net "Net-(C51-Pad1)")
    (add_net "Net-(C51-Pad2)")
    (add_net "Net-(J1-Pad29)")
    (add_net "Net-(J3-Pad4)")
    (add_net "Net-(J3-Pad5)")
    (add_net "Net-(J4-Pad1)")
    (add_net "Net-(J4-Pad16)")
    (add_net "Net-(J4-Pad19)")
    (add_net "Net-(J4-Pad3)")
    (add_net "Net-(J4-Pad8)")
    (add_net "Net-(J5-Pad2)")
    (add_net "Net-(R38-Pad1)")
    (add_net "Net-(R48-Pad2)")
    (add_net "Net-(U2-Pad4)")
    (add_net "Net-(U3-Pad4)")
    (add_net "Net-(U4-Pad4)")
    (add_net "Net-(U5-Pad1)")
    (add_net "Net-(U5-Pad101)")
    (add_net "Net-(U5-Pad102)")
    (add_net "Net-(U5-Pad11)")
    (add_net "Net-(U5-Pad115)")
    (add_net "Net-(U5-Pad116)")
    (add_net "Net-(U5-Pad119)")
    (add_net "Net-(U5-Pad127)")
    (add_net "Net-(U5-Pad13)")
    (add_net "Net-(U5-Pad15)")
    (add_net "Net-(U5-Pad17)")
    (add_net "Net-(U5-Pad19)")
    (add_net "Net-(U5-Pad21)")
    (add_net "Net-(U5-Pad23)")
    (add_net "Net-(U5-Pad3)")
    (add_net "Net-(U5-Pad38)")
    (add_net "Net-(U5-Pad5)")
    (add_net "Net-(U5-Pad65)")
    (add_net "Net-(U5-Pad7)")
    (add_net "Net-(U5-Pad87)")
    (add_net "Net-(U5-Pad88)")
    (add_net "Net-(U5-Pad9)")
    (add_net "Net-(U6-Pad12)")
    (add_net "Net-(U6-Pad13)")
    (add_net "Net-(U6-Pad15)")
    (add_net "Net-(U6-Pad16)")
    (add_net "Net-(U6-Pad17)")
    (add_net "Net-(U6-Pad2)")
    (add_net "Net-(U6-Pad8)")
  )

  (net_class 75ohm_vid ""
    (clearance 0.24)
    (trace_width 0.64)
    (via_dia 0.686)
    (via_drill 0.35)
    (uvia_dia 0.508)
    (uvia_drill 0.127)
    (add_net /B_in)
    (add_net /G_in)
    (add_net /R_in)
    (add_net /SOG_in)
  )

  (net_class Power ""
    (clearance 0.16)
    (trace_width 0.25)
    (via_dia 0.686)
    (via_drill 0.33)
    (uvia_dia 0.508)
    (uvia_drill 0.127)
    (add_net /AVCC1v8)
    (add_net /AVCC3v3)
    (add_net /DVDD1v8)
    (add_net /DVDD3v3)
    (add_net /DVDD5)
    (add_net GND)
  )

  (net_class digi_hs ""
    (clearance 0.16)
    (trace_width 0.18)
    (via_dia 0.686)
    (via_drill 0.33)
    (uvia_dia 0.508)
    (uvia_drill 0.127)
    (add_net /B[0])
    (add_net /B[1])
    (add_net /B[2])
    (add_net /B[3])
    (add_net /B[4])
    (add_net /B[5])
    (add_net /B[6])
    (add_net /B[7])
    (add_net /G[0])
    (add_net /G[1])
    (add_net /G[2])
    (add_net /G[3])
    (add_net /G[4])
    (add_net /G[5])
    (add_net /G[6])
    (add_net /G[7])
    (add_net /R[0])
    (add_net /R[1])
    (add_net /R[2])
    (add_net /R[3])
    (add_net /R[4])
    (add_net /R[5])
    (add_net /R[6])
    (add_net /R[7])
    (add_net "Net-(R1-Pad2)")
    (add_net "Net-(R10-Pad2)")
    (add_net "Net-(R11-Pad2)")
    (add_net "Net-(R12-Pad2)")
    (add_net "Net-(R15-Pad2)")
    (add_net "Net-(R16-Pad2)")
    (add_net "Net-(R17-Pad2)")
    (add_net "Net-(R18-Pad2)")
    (add_net "Net-(R19-Pad2)")
    (add_net "Net-(R2-Pad2)")
    (add_net "Net-(R20-Pad2)")
    (add_net "Net-(R21-Pad2)")
    (add_net "Net-(R22-Pad2)")
    (add_net "Net-(R23-Pad2)")
    (add_net "Net-(R24-Pad2)")
    (add_net "Net-(R25-Pad2)")
    (add_net "Net-(R26-Pad2)")
    (add_net "Net-(R27-Pad2)")
    (add_net "Net-(R28-Pad2)")
    (add_net "Net-(R29-Pad2)")
    (add_net "Net-(R3-Pad2)")
    (add_net "Net-(R30-Pad2)")
    (add_net "Net-(R31-Pad2)")
    (add_net "Net-(R32-Pad2)")
    (add_net "Net-(R33-Pad2)")
    (add_net "Net-(R34-Pad2)")
    (add_net "Net-(R35-Pad2)")
    (add_net "Net-(R36-Pad2)")
    (add_net "Net-(R5-Pad2)")
    (add_net "Net-(R6-Pad2)")
    (add_net "Net-(R7-Pad2)")
  )

  (module custom_components:SCART_CONN (layer F.Cu) (tedit 5694E4F0) (tstamp 59CB040E)
    (at 58.25 30.5 180)
    (path /59C453F4)
    (fp_text reference J4 (at -39.878 -4.23672 270) (layer F.SilkS)
      (effects (font (size 1 1) (thickness 0.15)))
    )
    (fp_text value SCART-F (at 5.78358 -4.64312 270) (layer F.Fab)
      (effects (font (size 1 1) (thickness 0.15)))
    )
    (fp_line (start -44.49166 3.94208) (end -41.52494 0.47498) (layer F.SilkS) (width 0.15))
    (fp_line (start -44.49928 0.45974) (end -41.52748 3.93954) (layer F.SilkS) (width 0.15))
    (fp_line (start 7.76732 3.95732) (end 10.7569 0.45466) (layer F.SilkS) (width 0.15))
    (fp_line (start 7.7597 0.45212) (end 10.74674 3.94462) (layer F.SilkS) (width 0.15))
    (fp_line (start -44.51 3.95) (end -44.51 0.45) (layer F.SilkS) (width 0.15))
    (fp_line (start 10.76 0.45) (end 10.76 3.95) (layer F.SilkS) (width 0.15))
    (fp_line (start 10.76 3.95) (end -44.51 3.95) (layer F.SilkS) (width 0.15))
    (fp_line (start -41.51 3.95) (end -41.51 0.45) (layer F.SilkS) (width 0.15))
    (fp_line (start -38.895 0.45) (end -44.51 0.45) (layer F.SilkS) (width 0.15))
    (fp_line (start -38.895 0.45) (end -38.895 -7) (layer F.SilkS) (width 0.15))
    (fp_line (start -38.895 -7) (end 4.605 -7) (layer F.SilkS) (width 0.15))
    (fp_line (start 4.605 -7) (end 4.605 0.45) (layer F.SilkS) (width 0.15))
    (fp_line (start 4.605 0.45) (end 10.76 0.45) (layer F.SilkS) (width 0.15))
    (fp_line (start 7.76 0.45) (end 7.76 3.95) (layer F.SilkS) (width 0.15))
    (pad 2 thru_hole circle (at 0 0 180) (size 2.2 2.2) (drill 1.3) (layers *.Cu *.Mask F.SilkS)
      (net 135 /AUD_R))
    (pad 3 thru_hole circle (at -1.905 -5.08 180) (size 2.2 2.2) (drill 1.3) (layers *.Cu *.Mask F.SilkS)
      (net 58 "Net-(J4-Pad3)"))
    (pad 4 thru_hole circle (at -3.81 0 180) (size 2.2 2.2) (drill 1.3) (layers *.Cu *.Mask F.SilkS)
      (net 2 GND))
    (pad 5 thru_hole circle (at -5.715 -5.08 180) (size 2.2 2.2) (drill 1.3) (layers *.Cu *.Mask F.SilkS)
      (net 2 GND))
    (pad 6 thru_hole circle (at -7.62 0 180) (size 2.2 2.2) (drill 1.3) (layers *.Cu *.Mask F.SilkS)
      (net 136 /AUD_L))
    (pad 7 thru_hole circle (at -9.525 -5.08 180) (size 2.2 2.2) (drill 1.3) (layers *.Cu *.Mask F.SilkS)
      (net 8 /B_in))
    (pad 8 thru_hole circle (at -11.43 0 180) (size 2.2 2.2) (drill 1.3) (layers *.Cu *.Mask F.SilkS)
      (net 59 "Net-(J4-Pad8)"))
    (pad 9 thru_hole circle (at -13.335 -5.08 180) (size 2.2 2.2) (drill 1.3) (layers *.Cu *.Mask F.SilkS)
      (net 2 GND))
    (pad 10 thru_hole circle (at -15.24 0 180) (size 2.2 2.2) (drill 1.3) (layers *.Cu *.Mask F.SilkS)
      (net 19 /VS_in))
    (pad 11 thru_hole circle (at -17.145 -5.08 180) (size 2.2 2.2) (drill 1.3) (layers *.Cu *.Mask F.SilkS)
      (net 11 /G_in))
    (pad 12 thru_hole circle (at -19.05 0 180) (size 2.2 2.2) (drill 1.3) (layers *.Cu *.Mask F.SilkS)
      (net 17 /HS_in))
    (pad 13 thru_hole circle (at -20.955 -5.08 180) (size 2.2 2.2) (drill 1.3) (layers *.Cu *.Mask F.SilkS)
      (net 2 GND))
    (pad 20 thru_hole circle (at -34.29 0 180) (size 2.2 2.2) (drill 1.3) (layers *.Cu *.Mask F.SilkS)
      (net 9 /SOG_in))
    (pad 15 thru_hole circle (at -24.765 -5.08 180) (size 2.2 2.2) (drill 1.3) (layers *.Cu *.Mask F.SilkS)
      (net 13 /R_in))
    (pad 14 thru_hole circle (at -22.86 0 180) (size 2.2 2.2) (drill 1.3) (layers *.Cu *.Mask F.SilkS)
      (net 2 GND))
    (pad 17 thru_hole circle (at -28.575 -5.08 180) (size 2.2 2.2) (drill 1.3) (layers *.Cu *.Mask F.SilkS)
      (net 2 GND))
    (pad 16 thru_hole circle (at -26.67 0 180) (size 2.2 2.2) (drill 1.3) (layers *.Cu *.Mask F.SilkS)
      (net 60 "Net-(J4-Pad16)"))
    (pad 19 thru_hole circle (at -32.385 -5.08 180) (size 2.2 2.2) (drill 1.3) (layers *.Cu *.Mask F.SilkS)
      (net 61 "Net-(J4-Pad19)"))
    (pad 18 thru_hole circle (at -30.48 0 180) (size 2.2 2.2) (drill 1.3) (layers *.Cu *.Mask F.SilkS)
      (net 2 GND))
    (pad 21 thru_hole circle (at -36.195 -5.08 180) (size 2.2 2.2) (drill 1.3) (layers *.Cu *.Mask F.SilkS)
      (net 2 GND))
    (pad 1 thru_hole circle (at 1.905 -5.08 180) (size 2.2 2.2) (drill 1.3) (layers *.Cu *.Mask F.SilkS)
      (net 62 "Net-(J4-Pad1)"))
  )

  (module custom_components:SM0805_libcms (layer F.Cu) (tedit 569D6D67) (tstamp 5C2AB1B7)
    (at 86.93 53.06 90)
    (path /5CE8E34D)
    (attr smd)
    (fp_text reference C50 (at 2.1 0.02 180) (layer F.SilkS)
      (effects (font (size 0.5842 0.508) (thickness 0.127)))
    )
    (fp_text value 1u (at 0 0 180) (layer F.SilkS)
      (effects (font (size 0.5842 0.508) (thickness 0.127)))
    )
    (fp_line (start 1.5875 0.89916) (end 0.508 0.89916) (layer F.SilkS) (width 0.09906))
    (fp_line (start 1.59766 -0.889) (end 1.59766 0.889) (layer F.SilkS) (width 0.09906))
    (fp_line (start 0.508 -0.89916) (end 1.5875 -0.89916) (layer F.SilkS) (width 0.09906))
    (fp_line (start -1.5875 -0.89916) (end -0.508 -0.89916) (layer F.SilkS) (width 0.09906))
    (fp_line (start -1.59766 0.889) (end -1.59766 -0.889) (layer F.SilkS) (width 0.09906))
    (fp_line (start -0.508 0.89916) (end -1.5875 0.89916) (layer F.SilkS) (width 0.09906))
    (fp_circle (center -1.56464 1.02362) (end -1.56464 0.89662) (layer F.SilkS) (width 0.09906))
    (pad 2 smd rect (at 0.9525 0 90) (size 0.889 1.397) (layers F.Cu F.Paste F.Mask)
      (net 136 /AUD_L))
    (pad 1 smd rect (at -0.9525 0 90) (size 0.889 1.397) (layers F.Cu F.Paste F.Mask)
      (net 127 "Net-(C50-Pad1)"))
    (model smd/chip_cms.wrl
      (at (xyz 0 0 0))
      (scale (xyz 0.1 0.1 0.1))
      (rotate (xyz 0 0 0))
    )
  )

  (module custom_components:SM0805_libcms (layer F.Cu) (tedit 569D6D67) (tstamp 5C2AB1AB)
    (at 81.15 53.03 90)
    (path /5CE8DCE4)
    (attr smd)
    (fp_text reference C49 (at 2.13 -0.02 180) (layer F.SilkS)
      (effects (font (size 0.5842 0.508) (thickness 0.127)))
    )
    (fp_text value 1u (at 0 0 180) (layer F.SilkS)
      (effects (font (size 0.5842 0.508) (thickness 0.127)))
    )
    (fp_circle (center -1.56464 1.02362) (end -1.56464 0.89662) (layer F.SilkS) (width 0.09906))
    (fp_line (start -0.508 0.89916) (end -1.5875 0.89916) (layer F.SilkS) (width 0.09906))
    (fp_line (start -1.59766 0.889) (end -1.59766 -0.889) (layer F.SilkS) (width 0.09906))
    (fp_line (start -1.5875 -0.89916) (end -0.508 -0.89916) (layer F.SilkS) (width 0.09906))
    (fp_line (start 0.508 -0.89916) (end 1.5875 -0.89916) (layer F.SilkS) (width 0.09906))
    (fp_line (start 1.59766 -0.889) (end 1.59766 0.889) (layer F.SilkS) (width 0.09906))
    (fp_line (start 1.5875 0.89916) (end 0.508 0.89916) (layer F.SilkS) (width 0.09906))
    (pad 1 smd rect (at -0.9525 0 90) (size 0.889 1.397) (layers F.Cu F.Paste F.Mask)
      (net 128 "Net-(C49-Pad1)"))
    (pad 2 smd rect (at 0.9525 0 90) (size 0.889 1.397) (layers F.Cu F.Paste F.Mask)
      (net 135 /AUD_R))
    (model smd/chip_cms.wrl
      (at (xyz 0 0 0))
      (scale (xyz 0.1 0.1 0.1))
      (rotate (xyz 0 0 0))
    )
  )

  (module custom_components:SM0805_libcms (layer F.Cu) (tedit 569D6D67) (tstamp 5C2AB19F)
    (at 81.09 63.8 90)
    (path /5C5BD6EF)
    (attr smd)
    (fp_text reference C45 (at 2.29 -0.02 180) (layer F.SilkS)
      (effects (font (size 0.5842 0.508) (thickness 0.127)))
    )
    (fp_text value 10u (at 0 0 180) (layer F.SilkS)
      (effects (font (size 0.5842 0.508) (thickness 0.127)))
    )
    (fp_line (start 1.5875 0.89916) (end 0.508 0.89916) (layer F.SilkS) (width 0.09906))
    (fp_line (start 1.59766 -0.889) (end 1.59766 0.889) (layer F.SilkS) (width 0.09906))
    (fp_line (start 0.508 -0.89916) (end 1.5875 -0.89916) (layer F.SilkS) (width 0.09906))
    (fp_line (start -1.5875 -0.89916) (end -0.508 -0.89916) (layer F.SilkS) (width 0.09906))
    (fp_line (start -1.59766 0.889) (end -1.59766 -0.889) (layer F.SilkS) (width 0.09906))
    (fp_line (start -0.508 0.89916) (end -1.5875 0.89916) (layer F.SilkS) (width 0.09906))
    (fp_circle (center -1.56464 1.02362) (end -1.56464 0.89662) (layer F.SilkS) (width 0.09906))
    (pad 2 smd rect (at 0.9525 0 90) (size 0.889 1.397) (layers F.Cu F.Paste F.Mask)
      (net 2 GND))
    (pad 1 smd rect (at -0.9525 0 90) (size 0.889 1.397) (layers F.Cu F.Paste F.Mask)
      (net 134 "Net-(C42-Pad1)"))
    (model smd/chip_cms.wrl
      (at (xyz 0 0 0))
      (scale (xyz 0.1 0.1 0.1))
      (rotate (xyz 0 0 0))
    )
  )

  (module custom_components:SM0805_libcms (layer F.Cu) (tedit 569D6D67) (tstamp 5C170A6B)
    (at 83.56 69.32 180)
    (path /5C680C92)
    (attr smd)
    (fp_text reference C46 (at 2.18 0.02 270) (layer F.SilkS)
      (effects (font (size 0.5842 0.508) (thickness 0.127)))
    )
    (fp_text value 10u (at 0 0 270) (layer F.SilkS)
      (effects (font (size 0.5842 0.508) (thickness 0.127)))
    )
    (fp_circle (center -1.56464 1.02362) (end -1.56464 0.89662) (layer F.SilkS) (width 0.09906))
    (fp_line (start -0.508 0.89916) (end -1.5875 0.89916) (layer F.SilkS) (width 0.09906))
    (fp_line (start -1.59766 0.889) (end -1.59766 -0.889) (layer F.SilkS) (width 0.09906))
    (fp_line (start -1.5875 -0.89916) (end -0.508 -0.89916) (layer F.SilkS) (width 0.09906))
    (fp_line (start 0.508 -0.89916) (end 1.5875 -0.89916) (layer F.SilkS) (width 0.09906))
    (fp_line (start 1.59766 -0.889) (end 1.59766 0.889) (layer F.SilkS) (width 0.09906))
    (fp_line (start 1.5875 0.89916) (end 0.508 0.89916) (layer F.SilkS) (width 0.09906))
    (pad 1 smd rect (at -0.9525 0 180) (size 0.889 1.397) (layers F.Cu F.Paste F.Mask)
      (net 1 /DVDD5))
    (pad 2 smd rect (at 0.9525 0 180) (size 0.889 1.397) (layers F.Cu F.Paste F.Mask)
      (net 2 GND))
    (model smd/chip_cms.wrl
      (at (xyz 0 0 0))
      (scale (xyz 0.1 0.1 0.1))
      (rotate (xyz 0 0 0))
    )
  )

  (module custom_components:EAPLRAA4 (layer F.Cu) (tedit 5C162D9F) (tstamp 5C170CBF)
    (at 91.39 44.25 270)
    (path /5D243ED2)
    (fp_text reference J3 (at 0.40132 4.43992 270) (layer F.SilkS)
      (effects (font (size 1 1) (thickness 0.15)))
    )
    (fp_text value EAPLRAA4 (at -0.1143 -4.51358 270) (layer F.Fab)
      (effects (font (size 1 1) (thickness 0.15)))
    )
    (fp_line (start -4.85 -10.725) (end 4.85 -10.725) (layer F.SilkS) (width 0.15))
    (fp_line (start 4.85 -10.725) (end 4.85 2.775) (layer F.SilkS) (width 0.15))
    (fp_line (start 4.85 2.775) (end -4.85 2.775) (layer F.SilkS) (width 0.15))
    (fp_line (start -4.85 2.775) (end -4.85 -10.725) (layer F.SilkS) (width 0.15))
    (fp_line (start -4.85 -8.375) (end 4.85 -8.375) (layer F.SilkS) (width 0.15))
    (pad 1 thru_hole circle (at -2.54 0 270) (size 1.524 1.524) (drill 0.8) (layers *.Cu *.Mask)
      (net 2 GND))
    (pad 2 thru_hole circle (at 0 0 270) (size 1.524 1.524) (drill 0.8) (layers *.Cu *.Mask)
      (net 3 /DVDD3v3))
    (pad 3 thru_hole circle (at 2.54 0 270) (size 1.524 1.524) (drill 0.8) (layers *.Cu *.Mask)
      (net 143 /SPDIF))
    (pad 4 thru_hole circle (at 2.54 -2.625 270) (size 1.524 1.524) (drill 0.8) (layers *.Cu *.Mask)
      (net 144 "Net-(J3-Pad4)"))
    (pad 5 thru_hole circle (at -2.54 -2.625 270) (size 1.524 1.524) (drill 0.8) (layers *.Cu *.Mask)
      (net 145 "Net-(J3-Pad5)"))
  )

  (module custom_components:SM0603_Capa_libcms (layer B.Cu) (tedit 569D6DAF) (tstamp 5C170690)
    (at 89.03 43.5 90)
    (path /5C238830)
    (attr smd)
    (fp_text reference C52 (at -1.8288 0) (layer B.SilkS)
      (effects (font (size 0.5842 0.508) (thickness 0.127)) (justify mirror))
    )
    (fp_text value 0.1u (at 0 0) (layer B.SilkS)
      (effects (font (size 0.508 0.4572) (thickness 0.1143)) (justify mirror))
    )
    (fp_line (start 0.50038 -0.78486) (end 1.2827 -0.78486) (layer B.SilkS) (width 0.11938))
    (fp_line (start -0.50038 -0.78486) (end -1.2827 -0.78486) (layer B.SilkS) (width 0.11938))
    (fp_line (start 0.50038 0.78486) (end 1.2827 0.78486) (layer B.SilkS) (width 0.11938))
    (fp_line (start -1.2827 0.78486) (end -0.50038 0.78486) (layer B.SilkS) (width 0.11938))
    (fp_line (start 1.29032 0.762) (end 1.29032 -0.762) (layer B.SilkS) (width 0.11938))
    (fp_line (start -1.29032 -0.762) (end -1.29032 0.762) (layer B.SilkS) (width 0.11938))
    (pad 1 smd rect (at -0.762 0 90) (size 0.635 1.143) (layers B.Cu B.Paste B.Mask)
      (net 3 /DVDD3v3))
    (pad 2 smd rect (at 0.762 0 90) (size 0.635 1.143) (layers B.Cu B.Paste B.Mask)
      (net 2 GND))
    (model smd\capacitors\C0603.wrl
      (offset (xyz 0 0 0.02539999961853028))
      (scale (xyz 0.5 0.5 0.5))
      (rotate (xyz 0 0 0))
    )
  )

  (module custom_components:SM0603_Resistor_libcms (layer B.Cu) (tedit 569D6DC4) (tstamp 59CB0450)
    (at 53.33 63.77)
    (path /59CB1872)
    (attr smd)
    (fp_text reference R10 (at -1.8288 0 -90) (layer B.SilkS)
      (effects (font (size 0.5842 0.508) (thickness 0.127)) (justify mirror))
    )
    (fp_text value 22 (at 0 0 -90) (layer B.SilkS)
      (effects (font (size 0.508 0.4572) (thickness 0.1143)) (justify mirror))
    )
    (fp_line (start 0.50038 -0.78486) (end 1.2827 -0.78486) (layer B.SilkS) (width 0.11938))
    (fp_line (start -0.50038 -0.78486) (end -1.2827 -0.78486) (layer B.SilkS) (width 0.11938))
    (fp_line (start 0.50038 0.78486) (end 1.2827 0.78486) (layer B.SilkS) (width 0.11938))
    (fp_line (start -1.2827 0.78486) (end -0.50038 0.78486) (layer B.SilkS) (width 0.11938))
    (fp_line (start 1.29032 0.762) (end 1.29032 -0.762) (layer B.SilkS) (width 0.11938))
    (fp_line (start -1.29032 -0.762) (end -1.29032 0.762) (layer B.SilkS) (width 0.11938))
    (pad 1 smd rect (at -0.762 0) (size 0.635 1.143) (layers B.Cu B.Paste B.Mask)
      (net 56 /PCLK))
    (pad 2 smd rect (at 0.762 0) (size 0.635 1.143) (layers B.Cu B.Paste B.Mask)
      (net 69 "Net-(R10-Pad2)"))
    (model smd\capacitors\C0603.wrl
      (offset (xyz 0 0 0.02539999961853028))
      (scale (xyz 0.5 0.5 0.5))
      (rotate (xyz 0 0 0))
    )
  )

  (module custom_components:SM0603_Resistor_libcms (layer F.Cu) (tedit 569D6DC4) (tstamp 59CB04F8)
    (at 58.96 73.94 90)
    (path /59CA8BBA)
    (attr smd)
    (fp_text reference R38 (at 1.79 -0.01 -180) (layer F.SilkS)
      (effects (font (size 0.5842 0.508) (thickness 0.127)))
    )
    (fp_text value 4.7k (at 0 0 -180) (layer F.SilkS)
      (effects (font (size 0.508 0.4572) (thickness 0.1143)))
    )
    (fp_line (start 0.50038 0.78486) (end 1.2827 0.78486) (layer F.SilkS) (width 0.11938))
    (fp_line (start -0.50038 0.78486) (end -1.2827 0.78486) (layer F.SilkS) (width 0.11938))
    (fp_line (start 0.50038 -0.78486) (end 1.2827 -0.78486) (layer F.SilkS) (width 0.11938))
    (fp_line (start -1.2827 -0.78486) (end -0.50038 -0.78486) (layer F.SilkS) (width 0.11938))
    (fp_line (start 1.29032 -0.762) (end 1.29032 0.762) (layer F.SilkS) (width 0.11938))
    (fp_line (start -1.29032 0.762) (end -1.29032 -0.762) (layer F.SilkS) (width 0.11938))
    (pad 1 smd rect (at -0.762 0 90) (size 0.635 1.143) (layers F.Cu F.Paste F.Mask)
      (net 122 "Net-(R38-Pad1)"))
    (pad 2 smd rect (at 0.762 0 90) (size 0.635 1.143) (layers F.Cu F.Paste F.Mask)
      (net 3 /DVDD3v3))
    (model smd\capacitors\C0603.wrl
      (offset (xyz 0 0 0.02539999961853028))
      (scale (xyz 0.5 0.5 0.5))
      (rotate (xyz 0 0 0))
    )
  )

  (module custom_components:SM0603_Resistor_libcms (layer F.Cu) (tedit 569D6DC4) (tstamp 59CB04AA)
    (at 26.97 61)
    (path /59CA241F)
    (attr smd)
    (fp_text reference R25 (at -1.8288 0 90) (layer F.SilkS)
      (effects (font (size 0.5842 0.508) (thickness 0.127)))
    )
    (fp_text value 22 (at 0 0 90) (layer F.SilkS)
      (effects (font (size 0.508 0.4572) (thickness 0.1143)))
    )
    (fp_line (start 0.50038 0.78486) (end 1.2827 0.78486) (layer F.SilkS) (width 0.11938))
    (fp_line (start -0.50038 0.78486) (end -1.2827 0.78486) (layer F.SilkS) (width 0.11938))
    (fp_line (start 0.50038 -0.78486) (end 1.2827 -0.78486) (layer F.SilkS) (width 0.11938))
    (fp_line (start -1.2827 -0.78486) (end -0.50038 -0.78486) (layer F.SilkS) (width 0.11938))
    (fp_line (start 1.29032 -0.762) (end 1.29032 0.762) (layer F.SilkS) (width 0.11938))
    (fp_line (start -1.29032 0.762) (end -1.29032 -0.762) (layer F.SilkS) (width 0.11938))
    (pad 1 smd rect (at -0.762 0) (size 0.635 1.143) (layers F.Cu F.Paste F.Mask)
      (net 29 /G[7]))
    (pad 2 smd rect (at 0.762 0) (size 0.635 1.143) (layers F.Cu F.Paste F.Mask)
      (net 82 "Net-(R25-Pad2)"))
    (model smd\capacitors\C0603.wrl
      (offset (xyz 0 0 0.02539999961853028))
      (scale (xyz 0.5 0.5 0.5))
      (rotate (xyz 0 0 0))
    )
  )

  (module custom_components:SM0603_Resistor_libcms (layer F.Cu) (tedit 59CC1FCB) (tstamp 59CB0492)
    (at 30 72.12)
    (path /59CA2997)
    (attr smd)
    (fp_text reference R21 (at 1.95 -0.09 90) (layer F.SilkS)
      (effects (font (size 0.5842 0.508) (thickness 0.127)))
    )
    (fp_text value 22 (at 0 0 90) (layer F.SilkS)
      (effects (font (size 0.508 0.4572) (thickness 0.1143)))
    )
    (fp_line (start 0.50038 0.78486) (end 1.2827 0.78486) (layer F.SilkS) (width 0.11938))
    (fp_line (start -0.50038 0.78486) (end -1.2827 0.78486) (layer F.SilkS) (width 0.11938))
    (fp_line (start 0.50038 -0.78486) (end 1.2827 -0.78486) (layer F.SilkS) (width 0.11938))
    (fp_line (start -1.2827 -0.78486) (end -0.50038 -0.78486) (layer F.SilkS) (width 0.11938))
    (fp_line (start 1.29032 -0.762) (end 1.29032 0.762) (layer F.SilkS) (width 0.11938))
    (fp_line (start -1.29032 0.762) (end -1.29032 -0.762) (layer F.SilkS) (width 0.11938))
    (pad 1 smd rect (at -0.762 0) (size 0.635 1.143) (layers F.Cu F.Paste F.Mask)
      (net 36 /G[0]))
    (pad 2 smd rect (at 0.762 0) (size 0.635 1.143) (layers F.Cu F.Paste F.Mask)
      (net 78 "Net-(R21-Pad2)"))
    (model smd\capacitors\C0603.wrl
      (offset (xyz 0 0 0.02539999961853028))
      (scale (xyz 0.5 0.5 0.5))
      (rotate (xyz 0 0 0))
    )
  )

  (module custom_components:SM0603_Resistor_libcms (layer F.Cu) (tedit 59CC1FC8) (tstamp 59CB049E)
    (at 30 66.99)
    (path /59CA2437)
    (attr smd)
    (fp_text reference R23 (at 1.83 0 90) (layer F.SilkS)
      (effects (font (size 0.5842 0.508) (thickness 0.127)))
    )
    (fp_text value 22 (at 0 0 90) (layer F.SilkS)
      (effects (font (size 0.508 0.4572) (thickness 0.1143)))
    )
    (fp_line (start 0.50038 0.78486) (end 1.2827 0.78486) (layer F.SilkS) (width 0.11938))
    (fp_line (start -0.50038 0.78486) (end -1.2827 0.78486) (layer F.SilkS) (width 0.11938))
    (fp_line (start 0.50038 -0.78486) (end 1.2827 -0.78486) (layer F.SilkS) (width 0.11938))
    (fp_line (start -1.2827 -0.78486) (end -0.50038 -0.78486) (layer F.SilkS) (width 0.11938))
    (fp_line (start 1.29032 -0.762) (end 1.29032 0.762) (layer F.SilkS) (width 0.11938))
    (fp_line (start -1.29032 0.762) (end -1.29032 -0.762) (layer F.SilkS) (width 0.11938))
    (pad 1 smd rect (at -0.762 0) (size 0.635 1.143) (layers F.Cu F.Paste F.Mask)
      (net 33 /G[3]))
    (pad 2 smd rect (at 0.762 0) (size 0.635 1.143) (layers F.Cu F.Paste F.Mask)
      (net 80 "Net-(R23-Pad2)"))
    (model smd\capacitors\C0603.wrl
      (offset (xyz 0 0 0.02539999961853028))
      (scale (xyz 0.5 0.5 0.5))
      (rotate (xyz 0 0 0))
    )
  )

  (module custom_components:SM0603_Resistor_libcms (layer F.Cu) (tedit 569D6DC4) (tstamp 59CB04E0)
    (at 29.97 58.36)
    (path /59CA0F2F)
    (attr smd)
    (fp_text reference R34 (at -1.8288 0 90) (layer F.SilkS)
      (effects (font (size 0.5842 0.508) (thickness 0.127)))
    )
    (fp_text value 22 (at 0 0 90) (layer F.SilkS)
      (effects (font (size 0.508 0.4572) (thickness 0.1143)))
    )
    (fp_line (start 0.50038 0.78486) (end 1.2827 0.78486) (layer F.SilkS) (width 0.11938))
    (fp_line (start -0.50038 0.78486) (end -1.2827 0.78486) (layer F.SilkS) (width 0.11938))
    (fp_line (start 0.50038 -0.78486) (end 1.2827 -0.78486) (layer F.SilkS) (width 0.11938))
    (fp_line (start -1.2827 -0.78486) (end -0.50038 -0.78486) (layer F.SilkS) (width 0.11938))
    (fp_line (start 1.29032 -0.762) (end 1.29032 0.762) (layer F.SilkS) (width 0.11938))
    (fp_line (start -1.29032 0.762) (end -1.29032 -0.762) (layer F.SilkS) (width 0.11938))
    (pad 1 smd rect (at -0.762 0) (size 0.635 1.143) (layers F.Cu F.Paste F.Mask)
      (net 43 /B[1]))
    (pad 2 smd rect (at 0.762 0) (size 0.635 1.143) (layers F.Cu F.Paste F.Mask)
      (net 91 "Net-(R34-Pad2)"))
    (model smd\capacitors\C0603.wrl
      (offset (xyz 0 0 0.02539999961853028))
      (scale (xyz 0.5 0.5 0.5))
      (rotate (xyz 0 0 0))
    )
  )

  (module custom_components:SM0603_Resistor_libcms (layer F.Cu) (tedit 569D6DC4) (tstamp 59CB04B6)
    (at 29.97 56.65)
    (path /59CA0F29)
    (attr smd)
    (fp_text reference R27 (at -1.8288 0 90) (layer F.SilkS)
      (effects (font (size 0.5842 0.508) (thickness 0.127)))
    )
    (fp_text value 22 (at 0 0 90) (layer F.SilkS)
      (effects (font (size 0.508 0.4572) (thickness 0.1143)))
    )
    (fp_line (start 0.50038 0.78486) (end 1.2827 0.78486) (layer F.SilkS) (width 0.11938))
    (fp_line (start -0.50038 0.78486) (end -1.2827 0.78486) (layer F.SilkS) (width 0.11938))
    (fp_line (start 0.50038 -0.78486) (end 1.2827 -0.78486) (layer F.SilkS) (width 0.11938))
    (fp_line (start -1.2827 -0.78486) (end -0.50038 -0.78486) (layer F.SilkS) (width 0.11938))
    (fp_line (start 1.29032 -0.762) (end 1.29032 0.762) (layer F.SilkS) (width 0.11938))
    (fp_line (start -1.29032 0.762) (end -1.29032 -0.762) (layer F.SilkS) (width 0.11938))
    (pad 1 smd rect (at -0.762 0) (size 0.635 1.143) (layers F.Cu F.Paste F.Mask)
      (net 42 /B[2]))
    (pad 2 smd rect (at 0.762 0) (size 0.635 1.143) (layers F.Cu F.Paste F.Mask)
      (net 84 "Net-(R27-Pad2)"))
    (model smd\capacitors\C0603.wrl
      (offset (xyz 0 0 0.02539999961853028))
      (scale (xyz 0.5 0.5 0.5))
      (rotate (xyz 0 0 0))
    )
  )

  (module custom_components:SM0603_Resistor_libcms (layer F.Cu) (tedit 569D6DC4) (tstamp 59CB04CE)
    (at 30 70.41)
    (path /59CA2991)
    (attr smd)
    (fp_text reference R31 (at -1.8288 0 90) (layer F.SilkS)
      (effects (font (size 0.5842 0.508) (thickness 0.127)))
    )
    (fp_text value 22 (at 0 0 90) (layer F.SilkS)
      (effects (font (size 0.508 0.4572) (thickness 0.1143)))
    )
    (fp_line (start 0.50038 0.78486) (end 1.2827 0.78486) (layer F.SilkS) (width 0.11938))
    (fp_line (start -0.50038 0.78486) (end -1.2827 0.78486) (layer F.SilkS) (width 0.11938))
    (fp_line (start 0.50038 -0.78486) (end 1.2827 -0.78486) (layer F.SilkS) (width 0.11938))
    (fp_line (start -1.2827 -0.78486) (end -0.50038 -0.78486) (layer F.SilkS) (width 0.11938))
    (fp_line (start 1.29032 -0.762) (end 1.29032 0.762) (layer F.SilkS) (width 0.11938))
    (fp_line (start -1.29032 0.762) (end -1.29032 -0.762) (layer F.SilkS) (width 0.11938))
    (pad 1 smd rect (at -0.762 0) (size 0.635 1.143) (layers F.Cu F.Paste F.Mask)
      (net 35 /G[1]))
    (pad 2 smd rect (at 0.762 0) (size 0.635 1.143) (layers F.Cu F.Paste F.Mask)
      (net 88 "Net-(R31-Pad2)"))
    (model smd\capacitors\C0603.wrl
      (offset (xyz 0 0 0.02539999961853028))
      (scale (xyz 0.5 0.5 0.5))
      (rotate (xyz 0 0 0))
    )
  )

  (module custom_components:SM0603_Resistor_libcms (layer F.Cu) (tedit 569D6DC4) (tstamp 59CB0498)
    (at 30 68.7)
    (path /59CA298B)
    (attr smd)
    (fp_text reference R22 (at -1.8288 0 90) (layer F.SilkS)
      (effects (font (size 0.5842 0.508) (thickness 0.127)))
    )
    (fp_text value 22 (at 0 0 90) (layer F.SilkS)
      (effects (font (size 0.508 0.4572) (thickness 0.1143)))
    )
    (fp_line (start 0.50038 0.78486) (end 1.2827 0.78486) (layer F.SilkS) (width 0.11938))
    (fp_line (start -0.50038 0.78486) (end -1.2827 0.78486) (layer F.SilkS) (width 0.11938))
    (fp_line (start 0.50038 -0.78486) (end 1.2827 -0.78486) (layer F.SilkS) (width 0.11938))
    (fp_line (start -1.2827 -0.78486) (end -0.50038 -0.78486) (layer F.SilkS) (width 0.11938))
    (fp_line (start 1.29032 -0.762) (end 1.29032 0.762) (layer F.SilkS) (width 0.11938))
    (fp_line (start -1.29032 0.762) (end -1.29032 -0.762) (layer F.SilkS) (width 0.11938))
    (pad 1 smd rect (at -0.762 0) (size 0.635 1.143) (layers F.Cu F.Paste F.Mask)
      (net 34 /G[2]))
    (pad 2 smd rect (at 0.762 0) (size 0.635 1.143) (layers F.Cu F.Paste F.Mask)
      (net 79 "Net-(R22-Pad2)"))
    (model smd\capacitors\C0603.wrl
      (offset (xyz 0 0 0.02539999961853028))
      (scale (xyz 0.5 0.5 0.5))
      (rotate (xyz 0 0 0))
    )
  )

  (module custom_components:SM0603_Resistor_libcms (layer F.Cu) (tedit 569D6DC4) (tstamp 59CB04D4)
    (at 26.97 66.13)
    (path /59CA2431)
    (attr smd)
    (fp_text reference R32 (at -1.8288 0 90) (layer F.SilkS)
      (effects (font (size 0.5842 0.508) (thickness 0.127)))
    )
    (fp_text value 22 (at 0 0 90) (layer F.SilkS)
      (effects (font (size 0.508 0.4572) (thickness 0.1143)))
    )
    (fp_line (start 0.50038 0.78486) (end 1.2827 0.78486) (layer F.SilkS) (width 0.11938))
    (fp_line (start -0.50038 0.78486) (end -1.2827 0.78486) (layer F.SilkS) (width 0.11938))
    (fp_line (start 0.50038 -0.78486) (end 1.2827 -0.78486) (layer F.SilkS) (width 0.11938))
    (fp_line (start -1.2827 -0.78486) (end -0.50038 -0.78486) (layer F.SilkS) (width 0.11938))
    (fp_line (start 1.29032 -0.762) (end 1.29032 0.762) (layer F.SilkS) (width 0.11938))
    (fp_line (start -1.29032 0.762) (end -1.29032 -0.762) (layer F.SilkS) (width 0.11938))
    (pad 1 smd rect (at -0.762 0) (size 0.635 1.143) (layers F.Cu F.Paste F.Mask)
      (net 32 /G[4]))
    (pad 2 smd rect (at 0.762 0) (size 0.635 1.143) (layers F.Cu F.Paste F.Mask)
      (net 89 "Net-(R32-Pad2)"))
    (model smd\capacitors\C0603.wrl
      (offset (xyz 0 0 0.02539999961853028))
      (scale (xyz 0.5 0.5 0.5))
      (rotate (xyz 0 0 0))
    )
  )

  (module custom_components:SM0603_Resistor_libcms (layer F.Cu) (tedit 569D6DC4) (tstamp 59CB04DA)
    (at 26.97 62.71)
    (path /59CA2425)
    (attr smd)
    (fp_text reference R33 (at -1.8288 0 90) (layer F.SilkS)
      (effects (font (size 0.5842 0.508) (thickness 0.127)))
    )
    (fp_text value 22 (at 0 0 90) (layer F.SilkS)
      (effects (font (size 0.508 0.4572) (thickness 0.1143)))
    )
    (fp_line (start 0.50038 0.78486) (end 1.2827 0.78486) (layer F.SilkS) (width 0.11938))
    (fp_line (start -0.50038 0.78486) (end -1.2827 0.78486) (layer F.SilkS) (width 0.11938))
    (fp_line (start 0.50038 -0.78486) (end 1.2827 -0.78486) (layer F.SilkS) (width 0.11938))
    (fp_line (start -1.2827 -0.78486) (end -0.50038 -0.78486) (layer F.SilkS) (width 0.11938))
    (fp_line (start 1.29032 -0.762) (end 1.29032 0.762) (layer F.SilkS) (width 0.11938))
    (fp_line (start -1.29032 0.762) (end -1.29032 -0.762) (layer F.SilkS) (width 0.11938))
    (pad 1 smd rect (at -0.762 0) (size 0.635 1.143) (layers F.Cu F.Paste F.Mask)
      (net 30 /G[6]))
    (pad 2 smd rect (at 0.762 0) (size 0.635 1.143) (layers F.Cu F.Paste F.Mask)
      (net 90 "Net-(R33-Pad2)"))
    (model smd\capacitors\C0603.wrl
      (offset (xyz 0 0 0.02539999961853028))
      (scale (xyz 0.5 0.5 0.5))
      (rotate (xyz 0 0 0))
    )
  )

  (module custom_components:SM0603_Resistor_libcms (layer F.Cu) (tedit 569D6DC4) (tstamp 59CB04A4)
    (at 26.97 64.42)
    (path /59CA242B)
    (attr smd)
    (fp_text reference R24 (at -1.8288 0 90) (layer F.SilkS)
      (effects (font (size 0.5842 0.508) (thickness 0.127)))
    )
    (fp_text value 22 (at 0 0 90) (layer F.SilkS)
      (effects (font (size 0.508 0.4572) (thickness 0.1143)))
    )
    (fp_line (start 0.50038 0.78486) (end 1.2827 0.78486) (layer F.SilkS) (width 0.11938))
    (fp_line (start -0.50038 0.78486) (end -1.2827 0.78486) (layer F.SilkS) (width 0.11938))
    (fp_line (start 0.50038 -0.78486) (end 1.2827 -0.78486) (layer F.SilkS) (width 0.11938))
    (fp_line (start -1.2827 -0.78486) (end -0.50038 -0.78486) (layer F.SilkS) (width 0.11938))
    (fp_line (start 1.29032 -0.762) (end 1.29032 0.762) (layer F.SilkS) (width 0.11938))
    (fp_line (start -1.29032 0.762) (end -1.29032 -0.762) (layer F.SilkS) (width 0.11938))
    (pad 1 smd rect (at -0.762 0) (size 0.635 1.143) (layers F.Cu F.Paste F.Mask)
      (net 31 /G[5]))
    (pad 2 smd rect (at 0.762 0) (size 0.635 1.143) (layers F.Cu F.Paste F.Mask)
      (net 81 "Net-(R24-Pad2)"))
    (model smd\capacitors\C0603.wrl
      (offset (xyz 0 0 0.02539999961853028))
      (scale (xyz 0.5 0.5 0.5))
      (rotate (xyz 0 0 0))
    )
  )

  (module custom_components:SM0603_Resistor_libcms (layer F.Cu) (tedit 59CC1F93) (tstamp 59CB04BC)
    (at 29.97 54.94)
    (path /59C9FB58)
    (attr smd)
    (fp_text reference R28 (at 1.97 0.02 90) (layer F.SilkS)
      (effects (font (size 0.5842 0.508) (thickness 0.127)))
    )
    (fp_text value 22 (at 0 0 90) (layer F.SilkS)
      (effects (font (size 0.508 0.4572) (thickness 0.1143)))
    )
    (fp_line (start 0.50038 0.78486) (end 1.2827 0.78486) (layer F.SilkS) (width 0.11938))
    (fp_line (start -0.50038 0.78486) (end -1.2827 0.78486) (layer F.SilkS) (width 0.11938))
    (fp_line (start 0.50038 -0.78486) (end 1.2827 -0.78486) (layer F.SilkS) (width 0.11938))
    (fp_line (start -1.2827 -0.78486) (end -0.50038 -0.78486) (layer F.SilkS) (width 0.11938))
    (fp_line (start 1.29032 -0.762) (end 1.29032 0.762) (layer F.SilkS) (width 0.11938))
    (fp_line (start -1.29032 0.762) (end -1.29032 -0.762) (layer F.SilkS) (width 0.11938))
    (pad 1 smd rect (at -0.762 0) (size 0.635 1.143) (layers F.Cu F.Paste F.Mask)
      (net 41 /B[3]))
    (pad 2 smd rect (at 0.762 0) (size 0.635 1.143) (layers F.Cu F.Paste F.Mask)
      (net 85 "Net-(R28-Pad2)"))
    (model smd\capacitors\C0603.wrl
